1 10	0.963499026426062 82
1 1020	0.9190065129740705 26
1 1022	0.9415933303760143 28
1 1027	0.9648425299146416 25
1 1028	0.9434385872429194 58
1 1029	0.9164971210774309 28
1 1032	0.8762112756655424 21
1 1033	0.9539832459815242 20
1 1035	0.933981682984062 49
1 1036	0.9703078519361622 96
1 1037	0.9225138995886913 22
1 104	0.9623635996757607 62
1 1042	0.9635959593327877 26
1 1047	0.9091899647952295 20
1 1059	0.9517785209496884 28
1 1060	0.9703997063010077 35
1 1061	0.9627589071640997 23
1 107	0.9222016901656157 26
1 1073	0.9489471454829698 118
1 1077	0.9636036617008717 28
1 1079	0.9731621435935898 69
1 1080	0.9621590305141868 59
1 1084	0.9734943396342483 27
1 1086	0.9640556280354701 22
1 1088	0.9502452312522929 34
1 1089	0.9770258764567834 69
1 1090	0.9525617001464128 45
1 1091	0.9274171741216106 21
1 1092	0.9597625748622928 34
1 1094	0.9501202449333395 28
1 1097	0.9657511816634916 103
1 11	0.9743142757735321 43
1 110	0.9650520880674559 118
1 1101	0.9514718733579267 56
1 111	0.9566434443922665 51
1 112	0.9518367824742184 33
1 1120	0.9795312361993205 26
1 1125	0.9631813921615855 22
1 1127	0.9604560905208229 46
1 1129	0.9448125950970057 25
1 1136	0.9630848383115042 102
1 1148	0.9686928556439797 64
1 1172	0.972056862030073 29
1 1183	0.9322843360534362 47
1 1188	0.9534672121281307 24
1 1193	0.9666983750233746 74
1 1196	0.9622872438916935 128
1 1197	0.9644469297689758 104
1 1198	0.9707319303817409 128
1 135	0.9397625406370154 22
1 141	0.963797821126498 66
1 145	0.9451928235467143 24
1 150	0.9668939104820922 119
1 151	0.9697006342387776 22
1 153	0.9379291873923287 86
1 158	0.9221896713552685 34
1 16	0.9559544602838742 51
1 160	0.9058409290322826 32
1 161	0.9796671076185339 52
1 163	0.9419553897991949 39
1 165	0.9556482537299323 81
1 168	0.890081381083937 30
1 17	0.9514437201892751 51
1 172	0.8914246320987337 32
1 173	0.926834123893089 36
1 180	0.9408392185678639 30
1 185	0.9345868925639956 47
1 186	0.95014257524712 25
1 19	0.8854609256783271 65
1 196	0.9216065018170015 31
1 198	0.9346798864737645 20
1 2	0.9601027360035967 70
1 208	0.8994407077902791 68
1 21	0.9671088276407496 67
1 216	0.9322402895053118 25
1 22	0.9193539304192822 21
1 223	0.9682480367830392 72
1 231	0.9120039903855413 84
1 235	0.9646442248064423 36
1 236	0.9667506016358779 21
1 246	0.9671979639305284 24
1 25	0.9438435393025459 48
1 252	0.94885591114086 27
1 253	0.9488853388632249 66
1 256	0.9317443725701323 21
1 260	0.9589564876919383 160
1 265	0.9629756665603508 25
1 266	0.9403652044516128 31
1 288	0.8912091841088632 45
1 29	0.9653872959363413 20
1 292	0.9672159156016951 55
1 293	0.9596530187278495 68
1 296	0.9605741438632769 150
1 3	0.9465808913451571 37
1 300	0.9745661561791724 41
1 303	0.9081899991594411 21
1 316	0.9490302349783061 76
1 317	0.928266335555508 48
1 318	0.9718742128559532 143
1 32	0.947020015016913 118
1 329	0.9430142135932869 57
1 333	0.9277900821965097 29
1 337	0.964773297568916 43
1 339	0.963038102094733 53
1 34	0.9611367099395338 90
1 342	0.9219064415348092 34
1 344	0.9250551353484269 101
1 345	0.9792735928563746 30
1 349	0.9743712722355772 64
1 350	0.977997384412871 27
1 353	0.9673405016746452 57
1 355	0.8941557210452037 25
1 356	0.9662881327384772 169
1 357	0.9555916805720396 82
1 36	0.9771007491474799 52
1 364	0.9702296269421247 128
1 367	0.9357566094770273 91
1 368	0.9748140163650452 47
1 370	0.919497578429389 37
1 376	0.959712139903158 25
1 377	0.9582926955870807 110
1 379	0.9439157096415017 21
1 380	0.9646050515795785 104
1 39	0.939882291518736 87
1 410	0.9728833873367194 47
1 413	0.9313785649876855 24
1 420	0.9351504627176432 32
1 432	0.9160100835368031 30
1 434	0.9560798022722434 49
1 435	0.897071608627669 40
1 44	0.9168991062920355 20
1 440	0.9786952815736949 57
1 441	0.9584084409232226 23
1 442	0.9490474695590521 51
1 45	0.970837708223746 24
1 454	0.9721499045669267 43
1 457	0.9704013862352739 120
1 466	0.9409824940377659 30
1 47	0.9593316682356621 105
1 471	0.9439287206037529 35
1 474	0.9775692517283315 46
1 475	0.9692233691951198 22
1 48	0.9096786337014633 37
1 480	0.9704941363202025 160
1 485	0.9347827059320897 36
1 494	0.9701904200696417 40
1 497	0.9528503424417325 29
1 5	0.9168473902759595 37
1 50	0.9750078680502611 112
1 500	0.9592099254491342 95
1 508	0.9556639023177852 48
1 509	0.9245019419156686 32
1 515	0.9787145820707811 20
1 52	0.94759810060644 32
1 520	0.9170234321861958 46
1 527	0.9743301662276708 110
1 529	0.9729265122666723 27
1 538	0.9413290530417013 20
1 539	0.9575366868690938 80
1 541	0.9584028575248942 91
1 543	0.9516237273749414 34
1 546	0.8143677700910454 20
1 551	0.9541611171873109 75
1 552	0.972459369694266 40
1 553	0.9729507637952125 37
1 555	0.9738169224564174 33
1 58	0.9864560974086676 21
1 585	0.9313636987978109 24
1 586	0.9572617188762128 90
1 587	0.9587791956423454 73
1 588	0.9660140216024149 116
1 589	0.9552668156080957 136
1 590	0.9496349164751329 85
1 592	0.9591028382611452 112
1 593	0.9673281438553818 147
1 594	0.942921094413865 59
1 595	0.9638072761879719 102
1 596	0.9581666546638448 39
1 597	0.9596639667969624 88
1 6	0.9714939026282426 72
1 608	0.9573905401957383 115
1 610	0.9435360977067913 27
1 616	0.9659463124299442 20
1 62	0.9407448527433597 66
1 628	0.9641465031163554 34
1 637	0.9593111896655674 22
1 647	0.9740059563608081 22
1 648	0.9560375719645328 123
1 653	0.9599027770852553 40
1 661	0.9459300669035623 30
1 671	0.932326932963792 23
1 673	0.9186644488004153 41
1 7	0.9606196728246192 27
1 70	0.9426453468302884 43
1 708	0.9459960871006483 48
1 719	0.934612832913678 29
1 720	0.9710592129472542 32
1 724	0.9638623590925475 27
1 733	0.963108811401216 101
1 736	0.9473377787878539 107
1 745	0.9792151063818094 46
1 750	0.9570413443588813 74
1 762	0.88472686977906 32
1 765	0.9540420402998551 22
1 778	0.960000020618004 71
1 780	0.953504481287411 153
1 783	0.9487770090497101 31
1 784	0.9314730022284522 54
1 785	0.9622109396552481 29
1 786	0.9481670655567697 61
1 788	0.9407353988308539 68
1 79	0.9464351249501711 23
1 799	0.9698945143302513 21
1 802	0.9637512472377483 37
1 805	0.9594373696781838 38
1 832	0.9678614802649594 44
1 849	0.8905881248488705 23
1 852	0.9667113185481488 31
1 858	0.9675527284019386 96
1 898	0.9774787017739887 21
1 899	0.9652572480254702 29
1 902	0.9466521421795524 28
1 903	0.956955809374982 46
1 904	0.9686256557372055 58
1 908	0.9535230190048575 49
1 909	0.9736239026772898 24
1 910	0.982299486257503 29
1 912	0.9674131447097782 66
1 913	0.9719881074235841 36
1 914	0.9683204683283628 28
1 919	0.9573662810824067 63
1 920	0.9439779257884492 45
1 922	0.948690597944696 20
1 923	0.9646856817483282 50
1 924	0.9333887217492567 76
1 95	0.9554171691938476 64
1 953	0.9812084568567288 40
1 954	0.9858929196526387 30
1 968	0.9462092868344189 23
1 969	0.9552253806692707 27
2 10	0.9625982051817782 66
2 1022	0.9468752019891261 20
2 1027	0.9748785278003232 20
2 1028	0.9641317160183804 33
2 1035	0.9631054025707183 24
2 1036	0.9598310243926238 56
2 104	0.9433606412068071 33
2 1059	0.954458778722612 20
2 1073	0.9590550273849319 49
2 1079	0.957879566545579 30
2 1080	0.9514998466195873 30
2 1089	0.958830078450037 38
2 1090	0.9311974372433954 25
2 1097	0.9650946667804621 56
2 11	0.9329368589948533 32
2 110	0.961942097834784 71
2 1101	0.9536699792708832 38
2 111	0.9626669171599594 25
2 1127	0.9611490116131745 23
2 1136	0.9599961000864601 44
2 1148	0.939033901565282 21
2 1193	0.9525996642801223 33
2 1196	0.9512039558019718 56
2 1197	0.9469849347926749 40
2 1198	0.9662989121905265 54
2 141	0.967024850458099 31
2 145	0.979221795710817 22
2 150	0.9638681002736348 72
2 151	0.9678857296663045 22
2 153	0.9563251968028558 69
2 158	0.9324511836502444 31
2 16	0.9507124114557621 33
2 160	0.9343696206312863 36
2 161	0.9636794236968078 38
2 163	0.9690747813242503 29
2 165	0.9756372610695226 59
2 168	0.9372443889454155 25
2 17	0.9648830885515333 21
2 172	0.9455466820489545 23
2 173	0.930701037451099 35
2 185	0.9624272776654508 39
2 186	0.9608640305631303 25
2 19	0.9327998113505852 57
2 196	0.9456624076685027 28
2 204	0.9598551502308693 21
2 208	0.9312341570886037 60
2 21	0.969119240919021 45
2 223	0.9603502323836429 39
2 231	0.9405250851233246 54
2 235	0.9388996764694053 24
2 236	0.9561799965270734 30
2 25	0.8937246324192731 34
2 252	0.9601746991372394 27
2 253	0.9749289858182467 52
2 256	0.9250725904061049 21
2 260	0.9588382752118133 68
2 266	0.9828731898973629 25
2 288	0.9441234852730984 34
2 292	0.9651781838331106 43
2 293	0.9654349530106858 47
2 296	0.9620955827480605 77
2 300	0.9648840877432716 33
2 315	0.9492313494684739 21
2 316	0.9602264363017763 56
2 317	0.9710161746797249 44
2 318	0.9667848227930445 68
2 32	0.9442287016124468 67
2 329	0.9643602338016777 51
2 337	0.9502048440130552 32
2 339	0.9663428563368393 43
2 34	0.9249311027889904 64
2 344	0.9395791278697605 69
2 349	0.969183955534392 47
2 350	0.9783242577718129 32
2 353	0.9718484510275796 36
2 356	0.9646148117325145 87
2 357	0.9502164534291925 48
2 36	0.9796089304296535 24
2 364	0.968906622798767 81
2 367	0.9557133757306185 77
2 368	0.9726559251654713 35
2 370	0.9028636063008948 24
2 377	0.964325602120257 76
2 380	0.967869452984155 69
2 39	0.937576545483949 59
2 410	0.9627933012293212 40
2 420	0.9438591895555567 35
2 432	0.9633147877225875 28
2 434	0.9730085108210399 44
2 435	0.9277296244637845 30
2 44	0.9453812144043849 25
2 440	0.9647491183021517 34
2 442	0.9577140237852204 47
2 454	0.9735883602925951 40
2 455	0.9701358265792366 21
2 457	0.9643831205493278 72
2 466	0.9267630346699245 24
2 47	0.9572331745980057 65
2 474	0.9675031670065175 34
2 48	0.9357708755708916 25
2 480	0.959618244276076 97
2 485	0.9433863356719907 29
2 497	0.9788404645143969 20
2 50	0.9640764614234326 60
2 500	0.9524554280494346 71
2 508	0.9694132444827616 33
2 509	0.9063926909795196 27
2 520	0.9477280125998576 31
2 527	0.9529373896620829 59
2 539	0.9688498933961327 48
2 541	0.9514744679697927 46
2 551	0.956063201336836 51
2 552	0.9689203329992748 29
2 553	0.9641740693306702 33
2 555	0.9642227820564715 24
2 586	0.9503359572093516 68
2 587	0.9728653216872223 54
2 588	0.9596105858149085 74
2 589	0.9593913904943535 78
2 590	0.9514072135471796 54
2 592	0.9671727752209766 76
2 593	0.9649433886923051 73
2 594	0.9480592350844397 37
2 595	0.9462602334845169 65
2 596	0.9552135253311846 22
2 597	0.955806340119298 60
2 6	0.9728497085809326 37
2 608	0.9428660570815048 46
2 62	0.9444704517936383 34
2 648	0.9522974186071639 65
2 653	0.9384965832593157 28
2 673	0.9439569813125837 21
2 70	0.8966264366452197 28
2 733	0.9624480223190436 49
2 736	0.9607129580564276 59
2 750	0.9354181430102406 27
2 778	0.9613050094793943 41
2 780	0.9641283644196136 75
2 784	0.9421114395319914 28
2 786	0.9244680634384472 31
2 788	0.9289150834063835 46
2 832	0.977035468316784 26
2 858	0.9608830600857337 47
2 904	0.9614857254820902 20
2 912	0.9675245463217996 31
2 919	0.9641055307344656 35
2 923	0.9137246075060285 21
2 924	0.9164766404660009 34
2 95	0.9604606574534479 43
3 1073	0.9335174772304263 30
3 110	0.9789129942883552 23
3 141	0.9651931906721349 27
3 150	0.9764366928179133 21
3 260	0.9553112621289266 29
3 296	0.9068522997133175 24
3 318	0.9558849940463879 23
3 32	0.919499580187408 27
3 339	0.9596246838854214 21
3 356	0.970442841593727 29
3 357	0.9511964026454928 22
3 36	0.9527559695743227 29
3 376	0.9691491113342673 20
3 380	0.9633658919989568 24
3 457	0.9694543860296057 22
3 480	0.9701088140570165 23
3 494	0.9706517115555048 24
3 5	0.9525212677544385 25
3 500	0.9620823457522054 21
3 527	0.9661282278997408 22
3 539	0.9747616408180292 22
3 589	0.9512055754494957 21
3 590	0.9785497849867489 20
3 593	0.9237500588576107 22
3 597	0.9791356826925365 20
3 6	0.9611373026173674 22
3 608	0.9221345569016446 33
3 62	0.9728837798905378 34
3 648	0.9528886641213709 35
3 7	0.9592090023147983 23
3 733	0.9729468788396689 34
3 736	0.9701759565849759 33
3 762	0.9202790773710514 25
3 780	0.9496092946575451 42
3 784	0.9341547777782233 24
3 786	0.9746359883404835 31
3 788	0.933852284351098 25
3 805	0.968458012815985 20
3 95	0.9688814997619725 26
5 1073	0.862060123738919 28
5 110	0.9505541210282775 23
5 141	0.9400927897791295 32
5 150	0.9395120529937293 22
5 153	0.8811716357343146 20
5 17	0.9569896267612534 22
5 25	0.8898042270433588 25
5 260	0.9459909847527689 36
5 296	0.9053991678913167 25
5 318	0.9289838121223328 25
5 32	0.876075949714032 31
5 344	0.8412816170810592 22
5 356	0.9488252375203954 29
5 357	0.9024476288751758 22
5 36	0.9390558088767925 29
5 364	0.9087703439528103 23
5 367	0.9094999125343609 23
5 376	0.9323767161201203 23
5 377	0.9399459400058411 26
5 380	0.9330139463067231 24
5 39	0.8533413674267186 20
5 457	0.9052055617059981 30
5 47	0.9316362494674739 26
5 480	0.9291654407529333 29
5 500	0.9428859400166102 21
5 539	0.920775430206218 25
5 586	0.9446695665716984 23
5 587	0.9261500001185283 23
5 588	0.9257464507234742 24
5 589	0.9446333500014634 24
5 590	0.9395314050963057 20
5 592	0.917580229616144 25
5 593	0.9145797471876507 25
5 595	0.9007912422186248 20
5 597	0.9399893513571482 25
5 6	0.9252336077875687 26
5 608	0.9286601288386398 29
5 62	0.9348964062469933 31
5 648	0.9426135813926966 39
5 653	0.9204931345586218 21
5 7	0.9626032896561361 22
5 708	0.9235266072719023 23
5 733	0.9456030483707686 34
5 736	0.9300101319460417 36
5 762	0.8832568637022025 20
5 780	0.9354283166691489 36
5 786	0.9426479189556486 25
5 788	0.9321003335095956 25
5 805	0.9512162564247347 25
5 95	0.9552479439012382 28
